[gd_scene load_steps=7 format=2]

[ext_resource path="res://originals/exported/outside/environement.dae" type="PackedScene" id=1]
[ext_resource path="res://code/playerModel_b.gd" type="Script" id=2]
[ext_resource path="res://assets/player/player.tscn" type="PackedScene" id=3]

[sub_resource type="BoxShape" id=1]

extents = Vector3( 180.507, 2.24303, 176.833 )

[sub_resource type="BoxShape" id=2]

extents = Vector3( 13.2149, 28.9511, 50.8759 )
_sections_unfolded = [ "Resource" ]

[sub_resource type="CapsuleShape" id=3]

radius = 0.683769
height = 2.47546

[node name="Spatial" type="Spatial" index="0"]

_sections_unfolded = [ "Pause" ]

[node name="StaticBody" type="StaticBody" parent="." index="0"]

input_ray_pickable = true
input_capture_on_drag = false
collision_layer = 1
collision_mask = 1
friction = 1.0
bounce = 0.0
constant_linear_velocity = Vector3( 0, 0, 0 )
constant_angular_velocity = Vector3( 0, 0, 0 )

[node name="worldModel" parent="StaticBody" index="0" instance=ExtResource( 1 )]

[node name="floor collision" type="CollisionShape" parent="StaticBody" index="1"]

transform = Transform( 1, 0, 0, 0, 1, 0, 0, 0, 1, 0, -2.71718, 0 )
shape = SubResource( 1 )
disabled = false

[node name="CollisionShape" type="CollisionShape" parent="StaticBody" index="2"]

transform = Transform( 1, 0, 0, 0, 1, 0, 0, 0, 1, 163.557, 14.7077, -0.924503 )
shape = SubResource( 2 )
disabled = false

[node name="CollisionShape5" type="CollisionShape" parent="StaticBody" index="3"]

transform = Transform( 0.919325, 0, 0.393499, 0, 1, 0, -0.393499, 0, 0.919325, 152.693, 14.7077, -58.8633 )
shape = SubResource( 2 )
disabled = false

[node name="CollisionShape6" type="CollisionShape" parent="StaticBody" index="4"]

transform = Transform( 0.732995, 0, 0.680234, 0, 1, 0, -0.680234, 0, 0.732995, 116.367, 14.7077, -115.335 )
shape = SubResource( 2 )
disabled = false

[node name="CollisionShape7" type="CollisionShape" parent="StaticBody" index="5"]

transform = Transform( 0.40239, 0, 0.915468, 0, 1, 0, -0.915468, 0, 0.40239, 64.965, 15.0896, -149.822 )
shape = SubResource( 2 )
disabled = false

[node name="CollisionShape2" type="CollisionShape" parent="StaticBody" index="6"]

transform = Transform( -1.62921e-07, 0, -1, 0, 1, 0, 1, 0, -1.62921e-07, 0.575971, 15.1765, -164.777 )
shape = SubResource( 2 )
disabled = false
_sections_unfolded = [ "Transform" ]

[node name="CollisionShape8" type="CollisionShape" parent="StaticBody" index="7"]

transform = Transform( 0.354585, 0, -0.935024, 0, 1, 0, 0.935024, 0, 0.354585, -61.5994, 15.1765, -151.328 )
shape = SubResource( 2 )
disabled = false
_sections_unfolded = [ "Transform" ]

[node name="CollisionShape9" type="CollisionShape" parent="StaticBody" index="8"]

transform = Transform( 0.580658, 0, -0.814148, 0, 1, 0, 0.814148, 0, 0.580658, -76.0452, 17.4236, -146.82 )
shape = SubResource( 2 )
disabled = false
_sections_unfolded = [ "Transform" ]

[node name="CollisionShape10" type="CollisionShape" parent="StaticBody" index="9"]

transform = Transform( 0.902149, 0, -0.431425, 0, 1, 0, 0.431425, 0, 0.902149, -162.826, 16.998, -48.3177 )
shape = SubResource( 2 )
disabled = false
_sections_unfolded = [ "Transform" ]

[node name="CollisionShape11" type="CollisionShape" parent="StaticBody" index="10"]

transform = Transform( 0.969926, 0, -0.243401, 0, 1, 0, 0.243401, 0, 0.969926, -161.623, 16.998, -35.3216 )
shape = SubResource( 2 )
disabled = false
_sections_unfolded = [ "Transform" ]

[node name="CollisionShape3" type="CollisionShape" parent="StaticBody" index="11"]

transform = Transform( -1, 0, 3.25841e-07, 0, 1, 0, -3.25841e-07, 0, -1, -164.878, 15.1765, -0.134974 )
shape = SubResource( 2 )
disabled = false
_sections_unfolded = [ "Transform" ]

[node name="CollisionShape12" type="CollisionShape" parent="StaticBody" index="12"]

transform = Transform( -0.950698, 0, -0.310118, 0, 1, 0, 0.310118, 0, -0.950698, -154.324, 15.1765, 57.4734 )
shape = SubResource( 2 )
disabled = false
_sections_unfolded = [ "Transform" ]

[node name="CollisionShape13" type="CollisionShape" parent="StaticBody" index="13"]

transform = Transform( -0.768122, 0, -0.640304, 0, 1, 0, 0.640304, 0, -0.768122, -125.989, 15.624, 106.494 )
shape = SubResource( 2 )
disabled = false
_sections_unfolded = [ "Transform" ]

[node name="CollisionShape14" type="CollisionShape" parent="StaticBody" index="14"]

transform = Transform( -0.548085, 0, -0.836422, 0, 1, 0, 0.836422, 0, -0.548085, -91.2711, 15.3323, 136.827 )
shape = SubResource( 2 )
disabled = false
_sections_unfolded = [ "Transform" ]

[node name="CollisionShape15" type="CollisionShape" parent="StaticBody" index="15"]

transform = Transform( -0.285131, 0, -0.958489, 0, 1, 0, 0.958489, 0, -0.285131, -46.7965, 15.3323, 157.706 )
shape = SubResource( 2 )
disabled = false
_sections_unfolded = [ "Transform" ]

[node name="CollisionShape4" type="CollisionShape" parent="StaticBody" index="16"]

transform = Transform( -1.62921e-07, 0, 1, 0, 1, 0, -1, 0, -1.62921e-07, -2.72951, 15.75, 165.225 )
shape = SubResource( 2 )
disabled = false
_sections_unfolded = [ "Transform" ]

[node name="CollisionShape16" type="CollisionShape" parent="StaticBody" index="17"]

transform = Transform( -0.371175, 0, 0.928563, 0, 1, 0, -0.928563, 0, -0.371175, 59.8882, 15.8609, 154.227 )
shape = SubResource( 2 )
disabled = false
_sections_unfolded = [ "Transform" ]

[node name="CollisionShape17" type="CollisionShape" parent="StaticBody" index="18"]

transform = Transform( -0.641051, 0, 0.767498, 0, 1, 0, -0.767498, 0, -0.641051, 108.177, 15.5154, 124.285 )
shape = SubResource( 2 )
disabled = false
_sections_unfolded = [ "Transform" ]

[node name="CollisionShape18" type="CollisionShape" parent="StaticBody" index="19"]

transform = Transform( -0.863786, 0, 0.503859, 0, 1, 0, -0.503859, 0, -0.863786, 141.308, 15.5154, 84.0946 )
shape = SubResource( 2 )
disabled = false
_sections_unfolded = [ "Transform" ]

[node name="CollisionShape19" type="CollisionShape" parent="StaticBody" index="20"]

transform = Transform( -0.963228, 0, 0.268684, 0, 1, 0, -0.268684, 0, -0.963228, 158.712, 15.5154, 46.0161 )
shape = SubResource( 2 )
disabled = false
_sections_unfolded = [ "Transform" ]

[node name="player" type="RigidBody" parent="." index="1"]

transform = Transform( 1, 0, 0, 0, 1, 0, 0, 0, 1, 0.0153379, 0.511673, 0.0102205 )
input_ray_pickable = true
input_capture_on_drag = false
collision_layer = 1
collision_mask = 1
mode = 0
mass = 1.0
friction = 0.0
bounce = 0.0
gravity_scale = 1.0
custom_integrator = false
continuous_cd = false
contacts_reported = 0
contact_monitor = false
sleeping = false
can_sleep = true
axis_lock_linear_x = false
axis_lock_linear_y = false
axis_lock_linear_z = false
axis_lock_angular_x = true
axis_lock_angular_y = true
axis_lock_angular_z = true
linear_velocity = Vector3( 0, 0, 0 )
linear_damp = -1.0
angular_velocity = Vector3( 0, 0, 0 )
angular_damp = -1.0
script = ExtResource( 2 )
_sections_unfolded = [ "Axis Lock" ]

[node name="model" parent="player" index="0" instance=ExtResource( 3 )]

transform = Transform( 1, 0, 0, 0, 1, 0, 0, 0, 1, 0.370699, 1.52588e-05, 0.440626 )
_sections_unfolded = [ "Pause" ]

[node name="CollisionShape" type="CollisionShape" parent="player" index="1"]

transform = Transform( 1, 0, 5.30863e-14, 5.30863e-14, 1.62921e-07, -1, 0, 1, 1.62921e-07, 0.381762, 1.68449, 0.412778 )
shape = SubResource( 3 )
disabled = false
_sections_unfolded = [ "Transform" ]


